67
Mila
31
100000091
538
Joseph
56
100000092
33
Beatriz
40
100000093
880
Chris
22
100000094
57
Ava
29
100000095
385
Juan
53
100000096
879
Chris
43
100000097
221
Aria
41
100000098
956
Ibai
79
100000099
618
Fernanda
55
100000100
624
Steve
29
100000101
703
Ellie
27
100000102
425
Joseph
73
100000103
790
Yamile Carrasco
50
100000104
433
Diego
58
100000105
647
Andrew
48
100000106
56
Octavio
56
100000107
412
Aria
63
100000108
548
Beatriz
31
100000109
436
Ellie
61
100000110
286
Sofia
19
100000111
861
Olivia
42
100000112
359
Dilan
40
100000113
243
Levi
31
100000114
851
Luna
72
100000115
18
Marck
41
100000116
863
Luis
40
100000117
190
Octavia
21
100000118
202
Marck
78
100000119
640
Gabriel
69
100000120
162
Fernando
87
100000121
683
Danna
51
100000122
398
Joel
48
100000123
839
Gian
44
100000124
520
Olivia
55
100000125
154
Noah
40
100000126
130
Octavia
33
100000127
662
Luz
21
100000128
405
Angelica
89
100000129
118
Aldo
34
100000130
942
Elimelec
54
100000131
559
Gian
60
100000132
936
Fabian Hidalgo
30
100000133
696
Fernanda
16
100000134
139
Octavio
44
100000135
700
Fabian Hidalgo
86
100000136
807
Olivia
38
100000137
943
Charlotte
43
100000138
188
Amelia
86
100000139
685
Aldo
20
100000140
933
Noelia
71
100000141
152
Lucas Ruiz
65
100000142
191
Jacob
50
100000143
442
Danilo
57
100000144
406
Miguel
22
100000145
122
Steve
87
100000146
77
Mariano
80
100000147
668
Danna
29
100000148
723
Asher
66
100000149
153
Mariano
49
100000150
866
Avery
58
100000151
674
Angelica
36
100000152
77
Octavio
45
100000153
726
Beatriz
63
100000154
828
Alvaro
67
100000155
945
Victoria
60
100000156
468
Mason
15
100000157
507
Angel
49
100000158
237
Andrew
69
100000159
249
Evelyn
82
100000160
848
Benito
56
100000161
862
Alejandro
23
100000162
658
Victor
77
100000163
107
Charlotte
63
100000164
774
Victoria
26
100000165
823
Aldo
67
100000166
266
Santiago
29
100000167
516
Luna
82
100000168
475
Mason
40
100000169
719
Avery
43
100000170
468
Victoria
15
100000171
50
Oliver
88
100000172
189
Gabriel
49
100000173
741
Nicolas
26
100000174
586
Leonel Ortega
81
100000175
503
Charlotte
83
100000176
538
Valeska
32
100000177
163
Ibai
82
100000178
982
Manuel
35
100000179
636
Stevens
39
100000180
586
Lucas Ruiz
42
100000181
966
