91
Ava
67
100000000
350
Ella
17
100000001
629
Noah
83
100000002
760
Oliver
40
100000003
981
Asher
50
100000004
32
Aileen
54
100000005
491
Harper
27
100000006
939
Ethan
79
100000007
500
Marck
35
100000008
899
Elimelec
66
100000009
925
Juan
77
100000010
888
Zarai
70
100000011
543
Danna
29
100000012
965
Gael
25
100000013
613
Isabella
43
100000014
286
Nicolas
72
100000015
932
Mason
71
100000016
960
Elimelec
64
100000017
977
Roxana Cubillas
28
100000018
782
Isabella
19
100000019
72
Melina
33
100000020
298
Stevens
87
100000021
33
Joel
15
100000022
699
James
21
100000023
793
Melina
89
100000024
151
Lily
88
100000025
585
Olivia
22
100000026
310
Yamile Carrasco
75
100000027
949
Aileen
19
100000028
67
Noah
87
100000029
737
Nora
90
100000030
592
Aldo
21
100000031
110
Noah
64
100000032
879
Santiago
18
100000033
929
Layla
65
100000034
113
Luna
72
100000035
594
Yamile Carrasco
32
100000036
177
Gian
53
100000037
884
Victoria
84
100000038
152
Angel
61
100000039
417
Stevens Acha
31
100000040
563
Maria
34
100000041
719
Alfredo
59
100000042
603
Noelia
84
100000043
923
Charlotte
25
100000044
396
Alfredo
86
100000045
446
Octavia
66
100000046
15
Ella
64
100000047
991
Diego
45
100000048
447
Ezequiel
53
100000049
181
Sofia
49
100000050
567
Aldo
79
100000051
889
Charlotte
74
100000052
573
Pedro
51
100000053
727
Joseph
38
100000054
848
Adrian Villasante
45
100000055
576
Mateo
71
100000056
465
Amelia
51
100000057
247
Yadira
34
100000058
849
Danilo
88
100000059
780
Angel
38
100000060
662
Camila
75
100000061
825
Avery
26
100000062
765
Manuel
39
100000063
691
Levi
80
100000064
446
Fernando
28
100000065
605
Mila
31
100000066
116
Amelia
19
100000067
304
Noelia
31
100000068
15
Leonel Ortega
83
100000069
117
Miguel
20
100000070
134
Paulo Ruiz
18
100000071
675
Mason
70
100000072
803
Aileen
69
100000073
594
Lily
59
100000074
585
Luis
75
100000075
977
Milly
20
100000076
770
Octavia
56
100000077
410
Mariano
77
100000078
710
Caleb
49
100000079
405
Alessandro
32
100000080
40
Octavio
70
100000081
105
Nicolas
50
100000082
356
Harper
43
100000083
245
Diego
89
100000084
606
Marck
42
100000085
695
Roxana Cubillas
17
100000086
70
Jared
84
100000087
296
Ibai
46
100000088
121
Danna
76
100000089
738
Carlos
84
100000090
130
